A 20 20 20 20 20 20 20 20 20 20 20 20 20
B0 75 75 75 75 75 75 75 75 75 75 75 75 75
B2 200 205 210 220 225 225 240 245 250 260 265 270 280
B4 415 425 440 455 470 475 500 515 525 545 555 570 585
B6 780 800 830 855 885 900 940 970 990 1025 1045 1075 1100
C0 1250 1285 1330 1375 1420 1450 1510 1555 1590 1645 1680 1725 1770
C2 1890 1945 2015 2080 2150 2200 2285 2350 2410 2485 2545 2615 2680
C4 2655 2740 2835 2925 3025 3100 3215 3305 3395 3495 3585 3680 3775
C6 3460 3575 3700 3820 3945 4050 4195 4315 4435 4560 4680 4805 4930
D0 4350 4500 4655 4810 4965 5100 5275 5430 5580 5740 5890 6045 6205
D2 5240 5425 5610 5795 5985 6150 6355 6545 6725 6920 7100 7285 7480
D4 6215 6435 6655 6875 7100 7300 7540 7765 7980 8210 8425 8645 8875
D6 7190 7445 7700 7955 8215 8450 8725 8985 9235 9500 9750 10005 10270
E0 8250 8545 8835 9130 9425 9700 10010 10310 10600 10900 11190 11480 11785
E2 9730 10080 10425 10770 11120 11450 11810 12165 12505 12860 13200 13545 13900
E4 11425 11835 12240 12645 13055 13450 13870 14280 14685 15095 15500 15905 16320
E6 13540 14020 14505 14990 15470 15950 16440 16920 17405 17890 18370 18855 19340
NC 14000 14500 15000 15500 16000 16500 17000 17500 18000 18500 19000 19500 20000